...
---
histogram_class_1_1: !!opencv-matrix
   rows: 30
   cols: 1
   dt: f
   data: [ 3., 9., 2., 1., 0., 0., 0., 0., 0., 0., 0., 0., 0., 0., 0.,
       0., 0., 5821., 1017., 45., 232., 30., 12., 8., 0., 0., 3., 12.,
       5., 0. ]
...
---
histogram_class_1_2: !!opencv-matrix
   rows: 30
   cols: 1
   dt: f
   data: [ 0., 0., 2255., 4766., 0., 0., 0., 0., 0., 0., 0., 0., 0., 0.,
       0., 0., 0., 0., 0., 0., 179., 0., 0., 0., 0., 0., 0., 0., 0., 0. ]
...
---
histogram_class_1_3: !!opencv-matrix
   rows: 30
   cols: 1
   dt: f
   data: [ 310., 837., 327., 2977., 215., 8., 0., 0., 0., 0., 0., 0.,
       12., 0., 0., 0., 56., 6., 1966., 42., 315., 0., 0., 0., 0., 0.,
       0., 129., 0., 0. ]
...
---
histogram_class_1_4: !!opencv-matrix
   rows: 30
   cols: 1
   dt: f
   data: [ 3148., 0., 0., 2746., 0., 348., 0., 0., 0., 0., 0., 0., 93.,
       0., 0., 0., 0., 0., 2., 0., 451., 0., 0., 0., 0., 0., 0., 412.,
       0., 0. ]
...
---
histogram_class_1_5: !!opencv-matrix
   rows: 30
   cols: 1
   dt: f
   data: [ 0., 0., 0., 0., 0., 0., 0., 0., 0., 0., 0., 0., 0., 0., 0.,
       0., 0., 3999., 3010., 12., 179., 0., 0., 0., 0., 0., 0., 0., 0.,
       0. ]
...
---
histogram_class_1_6: !!opencv-matrix
   rows: 30
   cols: 1
   dt: f
   data: [ 245., 2003., 3119., 1214., 6., 160., 5., 0., 0., 0., 0., 0.,
       0., 0., 0., 0., 0., 0., 0., 5., 218., 6., 0., 13., 0., 0., 4.,
       200., 2., 0. ]
...
---
histogram_class_1_7: !!opencv-matrix
   rows: 30
   cols: 1
   dt: f
   data: [ 3., 0., 3., 7., 3., 3., 2., 0., 0., 0., 0., 0., 5., 0., 0.,
       0., 108., 6824., 47., 6., 183., 0., 0., 2., 0., 0., 0., 4., 0.,
       0. ]
...
---
histogram_class_3_1: !!opencv-matrix
   rows: 30
   cols: 1
   dt: f
   data: [ 27., 314., 6498., 75., 8., 0., 0., 0., 0., 0., 0., 0., 0., 0.,
       0., 0., 0., 0., 1., 25., 192., 20., 0., 8., 0., 0., 0., 13., 19.,
       0. ]
...
---
histogram_class_3_2: !!opencv-matrix
   rows: 30
   cols: 1
   dt: f
   data: [ 958., 2024., 280., 568., 0., 0., 0., 0., 0., 0., 0., 0., 0.,
       0., 0., 0., 0., 0., 0., 0., 427., 0., 0., 32., 0., 0., 0., 2593.,
       318., 0. ]
...
---
histogram_class_2_1: !!opencv-matrix
   rows: 30
   cols: 1
   dt: f
   data: [ 0., 820., 6201., 0., 0., 0., 0., 0., 0., 0., 0., 0., 0., 0.,
       0., 0., 0., 0., 0., 0., 179., 0., 0., 0., 0., 0., 0., 0., 0., 0. ]
...
---
histogram_class_1_8: !!opencv-matrix
   rows: 30
   cols: 1
   dt: f
   data: [ 35., 544., 3460., 2664., 274., 16., 0., 0., 0., 0., 0., 0.,
       0., 0., 0., 0., 0., 0., 0., 0., 179., 0., 0., 0., 0., 0., 3., 0.,
       25., 0. ]
...
---
histogram_class_1_9: !!opencv-matrix
   rows: 30
   cols: 1
   dt: f
   data: [ 71., 118., 1215., 422., 66., 36., 5., 0., 1., 0., 0., 0., 47.,
       11., 0., 8., 109., 3292., 946., 181., 323., 93., 27., 65., 2., 0.,
       5., 86., 71., 0. ]
...
---
histogram_class_1_10: !!opencv-matrix
   rows: 30
   cols: 1
   dt: f
   data: [ 386., 1237., 4163., 11., 9., 12., 4., 0., 0., 0., 0., 0., 2.,
       0., 0., 0., 1., 144., 344., 128., 300., 76., 25., 106., 0., 0.,
       41., 46., 129., 36. ]
...
---
histogram_class_1_11: !!opencv-matrix
   rows: 30
   cols: 1
   dt: f
   data: [ 1., 64., 6915., 36., 4., 0., 0., 0., 0., 0., 0., 0., 0., 0.,
       0., 0., 0., 0., 0., 0., 179., 0., 0., 0., 0., 0., 0., 1., 0., 0. ]
...
---
histogram_class_1_12: !!opencv-matrix
   rows: 30
   cols: 1
   dt: f
   data: [ 109., 0., 0., 14., 0., 68., 11., 0., 107., 0., 0., 10., 614.,
       233., 0., 143., 1967., 2505., 1144., 50., 219., 6., 0., 0., 0.,
       0., 0., 0., 0., 0. ]
...
---
histogram_class_1_13: !!opencv-matrix
   rows: 30
   cols: 1
   dt: f
   data: [ 79., 80., 1365., 1463., 92., 28., 15., 3., 23., 0., 0., 12.,
       101., 31., 0., 258., 2030., 853., 245., 77., 277., 41., 4., 30.,
       0., 0., 6., 66., 21., 0. ]
...
---
histogram_class_1_14: !!opencv-matrix
   rows: 30
   cols: 1
   dt: f
   data: [ 15., 0., 0., 0., 0., 1., 14., 0., 3., 0., 0., 0., 2., 1., 0.,
       1., 55., 6684., 239., 4., 181., 0., 0., 0., 0., 0., 0., 0., 0.,
       0. ]
...
---
histogram_class_1_15: !!opencv-matrix
   rows: 30
   cols: 1
   dt: f
   data: [ 0., 0., 0., 0., 0., 0., 0., 0., 0., 0., 0., 0., 0., 0., 0.,
       0., 1129., 5892., 0., 0., 179., 0., 0., 0., 0., 0., 0., 0., 0.,
       0. ]
...
---
histogram_class_1_16: !!opencv-matrix
   rows: 30
   cols: 1
   dt: f
   data: [ 93., 26., 1309., 1306., 141., 106., 18., 5., 16., 0., 0., 3.,
       38., 8., 0., 3., 234., 3303., 269., 69., 217., 5., 0., 5., 0., 0.,
       0., 24., 2., 0. ]
...
---
histogram_class_1_17: !!opencv-matrix
   rows: 30
   cols: 1
   dt: f
   data: [ 0., 0., 6667., 354., 0., 0., 0., 0., 0., 0., 0., 0., 0., 0.,
       0., 0., 0., 0., 0., 0., 179., 0., 0., 0., 0., 0., 0., 0., 0., 0. ]
...
---
histogram_class_1_18: !!opencv-matrix
   rows: 30
   cols: 1
   dt: f
   data: [ 0., 0., 6695., 326., 0., 0., 0., 0., 0., 0., 0., 0., 0., 0.,
       0., 0., 0., 0., 0., 0., 179., 0., 0., 0., 0., 0., 0., 0., 0., 0. ]
...
---
histogram_class_1_19: !!opencv-matrix
   rows: 30
   cols: 1
   dt: f
   data: [ 2., 56., 5937., 1024., 0., 2., 0., 0., 0., 0., 0., 0., 0., 0.,
       0., 0., 0., 0., 0., 0., 179., 0., 0., 0., 0., 0., 0., 0., 0., 0. ]
...
---
histogram_class_1_20: !!opencv-matrix
   rows: 30
   cols: 1
   dt: f
   data: [ 2., 56., 5937., 1024., 0., 2., 0., 0., 0., 0., 0., 0., 0., 0.,
       0., 0., 0., 0., 0., 0., 179., 0., 0., 0., 0., 0., 0., 0., 0., 0. ]
...
---
histogram_class_1_21: !!opencv-matrix
   rows: 30
   cols: 1
   dt: f
   data: [ 8., 0., 0., 64., 448., 5764., 0., 0., 537., 0., 0., 0., 198.,
       0., 0., 0., 0., 0., 2., 0., 179., 0., 0., 0., 0., 0., 0., 0., 0.,
       0. ]
...
---
histogram_class_1_22: !!opencv-matrix
   rows: 30
   cols: 1
   dt: f
   data: [ 81., 0., 0., 7., 0., 5., 0., 0., 0., 0., 0., 0., 461., 0., 0.,
       78., 4037., 1788., 504., 60., 179., 0., 0., 0., 0., 0., 0., 0.,
       0., 0. ]
...
---
histogram_class_1_23: !!opencv-matrix
   rows: 30
   cols: 1
   dt: f
   data: [ 2., 0., 0., 0., 0., 0., 0., 0., 0., 0., 0., 0., 0., 0., 0.,
       0., 557., 6190., 118., 121., 212., 0., 0., 0., 0., 0., 0., 0., 0.,
       0. ]
...
---
histogram_class_1_24: !!opencv-matrix
   rows: 30
   cols: 1
   dt: f
   data: [ 0., 0., 0., 0., 0., 0., 0., 0., 0., 0., 0., 0., 0., 0., 0.,
       0., 60., 5156., 1721., 84., 179., 0., 0., 0., 0., 0., 0., 0., 0.,
       0. ]
...
---
histogram_class_1_25: !!opencv-matrix
   rows: 30
   cols: 1
   dt: f
   data: [ 0., 0., 0., 0., 0., 0., 0., 0., 0., 0., 0., 0., 0., 0., 0.,
       0., 0., 6635., 313., 69., 183., 0., 0., 0., 0., 0., 0., 0., 0.,
       0. ]
...
---
histogram_class_1_26: !!opencv-matrix
   rows: 30
   cols: 1
   dt: f
   data: [ 1036., 1440., 1488., 1839., 0., 70., 0., 0., 0., 0., 0., 0.,
       61., 0., 0., 0., 0., 0., 0., 0., 179., 0., 0., 0., 0., 0., 0.,
       1087., 0., 0. ]
...
---
histogram_class_1_27: !!opencv-matrix
   rows: 30
   cols: 1
   dt: f
   data: [ 164., 1205., 2925., 974., 0., 34., 0., 0., 0., 0., 0., 0., 0.,
       0., 0., 0., 0., 0., 0., 6., 392., 28., 11., 16., 0., 0., 4.,
       1176., 265., 0. ]
...
---
histogram_class_1_28: !!opencv-matrix
   rows: 30
   cols: 1
   dt: f
   data: [ 164., 1205., 2925., 974., 0., 34., 0., 0., 0., 0., 0., 0., 0.,
       0., 0., 0., 0., 0., 0., 6., 392., 28., 11., 16., 0., 0., 4.,
       1176., 265., 0. ]
...
---
histogram_class_2_2: !!opencv-matrix
   rows: 30
   cols: 1
   dt: f
   data: [ 0., 456., 5775., 632., 94., 0., 0., 0., 0., 0., 0., 0., 0.,
       0., 0., 0., 0., 0., 0., 0., 179., 0., 0., 0., 0., 0., 0., 64., 0.,
       0. ]
...
---
histogram_class_3_3: !!opencv-matrix
   rows: 30
   cols: 1
   dt: f
   data: [ 68., 468., 5393., 870., 114., 70., 0., 0., 0., 0., 0., 0.,
       20., 0., 0., 0., 0., 0., 2., 0., 179., 0., 0., 0., 0., 0., 0.,
       16., 0., 0. ]
...
---
