%YAML:1.0
BOX: !!opencv-matrix
   rows: 2
   cols: 2
   dt: f
   data: [ 236., 125., 389., 186. ]
...
---
histogram_class_mudcon_1: !!opencv-matrix
   rows: 30
   cols: 1
   dt: f
   data: [ 0., 0., 0., 0., 0., 0., 0., 0., 0., 0., 0., 0., 0., 0., 0.,
       0., 0., 2., 5., 22., 49., 47., 116., 203., 396., 441., 784., 889.,
       924., 1143. ]
...
---
histogram_class_tar_1: !!opencv-matrix
   rows: 30
   cols: 1
   dt: f
   data: [ 0., 0., 0., 0., 0., 0., 0., 0., 0., 0., 0., 0., 0., 0., 0.,
       0., 0., 0., 0., 0., 3., 16., 34., 46., 50., 84., 184., 311., 512.,
       702. ]
...
---
histogram_class_mudcon_2: !!opencv-matrix
   rows: 30
   cols: 1
   dt: f
   data: [ 0., 0., 0., 0., 0., 0., 0., 0., 0., 0., 0., 0., 0., 0., 0.,
       0., 0., 0., 0., 0., 0., 0., 0., 0., 0., 0., 0., 0., 0., 0. ]
...
---
histogram_class_mudcon_3: !!opencv-matrix
   rows: 30
   cols: 1
   dt: f
   data: [ 0., 0., 0., 0., 0., 0., 0., 0., 0., 0., 0., 0., 0., 0., 0.,
       0., 0., 0., 0., 0., 0., 0., 0., 0., 0., 0., 2., 13., 71., 394. ]
...
---
histogram_class_tar_2: !!opencv-matrix
   rows: 30
   cols: 1
   dt: f
   data: [ 0., 0., 0., 0., 0., 0., 0., 0., 0., 0., 0., 0., 0., 0., 0.,
       0., 0., 0., 0., 0., 0., 0., 0., 0., 2., 3., 74., 909., 1369.,
       1309. ]
...
---
histogram_class_tar_3: !!opencv-matrix
   rows: 30
   cols: 1
   dt: f
   data: [ 0., 0., 0., 0., 0., 0., 0., 0., 0., 0., 0., 0., 0., 0., 0.,
       0., 0., 0., 0., 1., 26., 8., 35., 81., 49., 100., 672., 1127.,
       1119., 1016. ]
...
---
histogram_class_tar_4: !!opencv-matrix
   rows: 30
   cols: 1
   dt: f
   data: [ 0., 0., 0., 0., 0., 0., 0., 0., 0., 0., 0., 0., 0., 0., 0.,
       0., 0., 0., 0., 0., 0., 0., 0., 0., 2., 261., 833., 1202., 1080.,
       1496. ]
...
---
histogram_class_tar_5: !!opencv-matrix
   rows: 30
   cols: 1
   dt: f
   data: [ 0., 0., 0., 0., 0., 0., 0., 0., 0., 0., 0., 0., 0., 0., 0.,
       0., 0., 0., 0., 0., 0., 0., 0., 0., 5., 513., 1125., 1434., 1051.,
       1468. ]
...
---
histogram_class_mudcon_4: !!opencv-matrix
   rows: 30
   cols: 1
   dt: f
   data: [ 0., 0., 0., 0., 0., 0., 0., 0., 0., 0., 0., 0., 0., 0., 0.,
       0., 0., 0., 0., 0., 0., 0., 0., 0., 0., 0., 0., 0., 0., 26. ]
...
---
histogram_class_mudcon_5: !!opencv-matrix
   rows: 30
   cols: 1
   dt: f
   data: [ 0., 0., 0., 0., 0., 0., 0., 0., 0., 0., 0., 0., 0., 0., 0.,
       0., 0., 0., 0., 0., 1., 3., 11., 6., 9., 8., 13., 66., 211., 368. ]
...
---
histogram_class_tar_6: !!opencv-matrix
   rows: 30
   cols: 1
   dt: f
   data: [ 0., 0., 0., 0., 0., 0., 0., 0., 0., 0., 0., 0., 0., 0., 0.,
       0., 0., 0., 0., 0., 0., 0., 0., 0., 0., 0., 3., 163., 862., 1485. ]
...
---
histogram_class_mudcon_6: !!opencv-matrix
   rows: 30
   cols: 1
   dt: f
   data: [ 0., 0., 0., 0., 0., 0., 0., 0., 0., 0., 0., 0., 0., 0., 0.,
       0., 0., 0., 0., 0., 0., 0., 0., 0., 0., 0., 109., 604., 1067.,
       1139. ]
...
---
histogram_class_mudcon_7: !!opencv-matrix
   rows: 30
   cols: 1
   dt: f
   data: [ 0., 0., 0., 0., 0., 0., 0., 0., 0., 0., 0., 0., 0., 0., 0.,
       0., 0., 0., 0., 0., 0., 3., 1., 2., 6., 61., 475., 794., 1131.,
       1066. ]
...
---
histogram_class_mudcon_8: !!opencv-matrix
   rows: 30
   cols: 1
   dt: f
   data: [ 0., 0., 0., 0., 0., 0., 0., 0., 0., 0., 0., 0., 0., 0., 0.,
       0., 0., 0., 0., 0., 0., 0., 0., 0., 3., 16., 56., 116., 384.,
       957. ]
...
---
histogram_class_mudcon_9: !!opencv-matrix
   rows: 30
   cols: 1
   dt: f
   data: [ 0., 0., 0., 0., 0., 0., 0., 0., 0., 0., 0., 0., 0., 0., 0.,
       0., 0., 0., 0., 0., 0., 0., 0., 0., 33., 153., 625., 477., 504.,
       1190. ]
...
---
histogram_class_tar_7: !!opencv-matrix
   rows: 30
   cols: 1
   dt: f
   data: [ 0., 0., 0., 0., 0., 0., 80., 788., 1323., 866., 792., 460.,
       568., 900., 1118., 244., 48., 5., 3., 4., 1., 0., 0., 0., 0., 0.,
       0., 0., 0., 0. ]
...
---
histogram_class_tar_8: !!opencv-matrix
   rows: 30
   cols: 1
   dt: f
   data: [ 0., 0., 0., 0., 0., 0., 78., 165., 89., 47., 57., 43., 44.,
       257., 2453., 2467., 1244., 138., 112., 6., 0., 0., 0., 0., 0., 0.,
       0., 0., 0., 0. ]
...
---
histogram_class_tar_9: !!opencv-matrix
   rows: 30
   cols: 1
   dt: f
   data: [ 0., 0., 0., 0., 0., 453., 685., 676., 1208., 1139., 1080.,
       751., 484., 445., 197., 38., 30., 9., 2., 2., 1., 0., 0., 0., 0.,
       0., 0., 0., 0., 0. ]
...
---
histogram_class_tar_10: !!opencv-matrix
   rows: 30
   cols: 1
   dt: f
   data: [ 0., 0., 0., 0., 0., 0., 896., 1174., 545., 1095., 468., 575.,
       994., 1059., 351., 14., 6., 3., 7., 4., 2., 3., 4., 0., 0., 0.,
       0., 0., 0., 0. ]
...
---
histogram_class_tar_11: !!opencv-matrix
   rows: 30
   cols: 1
   dt: f
   data: [ 0., 0., 0., 0., 17., 1430., 806., 935., 854., 312., 1092.,
       1065., 383., 123., 80., 61., 41., 1., 0., 0., 0., 0., 0., 0., 0.,
       0., 0., 0., 0., 0. ]
...
---
histogram_class_tar_12: !!opencv-matrix
   rows: 30
   cols: 1
   dt: f
   data: [ 0., 0., 0., 0., 0., 0., 0., 0., 0., 0., 0., 0., 0., 112.,
       931., 860., 906., 914., 770., 1054., 1197., 440., 16., 0., 0., 0.,
       0., 0., 0., 0. ]
...
---
histogram_class_tar_13: !!opencv-matrix
   rows: 30
   cols: 1
   dt: f
   data: [ 0., 0., 0., 0., 0., 0., 0., 0., 0., 0., 0., 0., 0., 0., 0.,
       0., 0., 0., 22., 193., 1399., 1534., 989., 1356., 987., 623., 97.,
       0., 0., 0. ]
...
---
histogram_class_tar_14: !!opencv-matrix
   rows: 30
   cols: 1
   dt: f
   data: [ 0., 0., 0., 0., 0., 0., 0., 0., 0., 0., 0., 32., 103., 294.,
       644., 1545., 1705., 1450., 1006., 304., 80., 26., 2., 4., 1., 0.,
       2., 2., 0., 0. ]
...
---
histogram_class_mudcon_10: !!opencv-matrix
   rows: 30
   cols: 1
   dt: f
   data: [ 0., 0., 0., 0., 0., 0., 0., 0., 0., 0., 0., 0., 0., 0., 0.,
       0., 0., 0., 0., 0., 0., 90., 667., 1040., 883., 802., 1143.,
       1124., 770., 631. ]
...
---
histogram_class_mudcon_11: !!opencv-matrix
   rows: 30
   cols: 1
   dt: f
   data: [ 0., 0., 0., 0., 0., 0., 0., 0., 0., 0., 0., 2., 8., 4., 6.,
       10., 12., 9., 7., 46., 186., 258., 157., 367., 861., 2749., 1766.,
       670., 82., 0. ]
...
---
histogram_class_mudcon_12: !!opencv-matrix
   rows: 30
   cols: 1
   dt: f
   data: [ 0., 0., 0., 0., 0., 0., 0., 0., 0., 0., 0., 0., 2., 0., 1.,
       6., 16., 32., 67., 156., 411., 614., 938., 729., 745., 825.,
       1019., 986., 638., 15. ]
...
---
histogram_class_mudcon_13: !!opencv-matrix
   rows: 30
   cols: 1
   dt: f
   data: [ 0., 0., 0., 0., 0., 0., 0., 0., 0., 0., 0., 0., 0., 0., 0.,
       0., 0., 0., 0., 0., 9., 37., 143., 455., 690., 849., 821., 1341.,
       1359., 1202. ]
...
---
histogram_class_mudcon_14: !!opencv-matrix
   rows: 30
   cols: 1
   dt: f
   data: [ 0., 0., 0., 0., 0., 0., 0., 0., 0., 0., 0., 0., 0., 0., 0.,
       0., 0., 0., 0., 0., 0., 0., 0., 8., 119., 483., 971., 1011.,
       1142., 1779. ]
...
---
histogram_class_tar_15: !!opencv-matrix
   rows: 30
   cols: 1
   dt: f
   data: [ 0., 0., 0., 0., 0., 0., 0., 0., 0., 13., 218., 1046., 1142.,
       1543., 2570., 668., 0., 0., 0., 0., 0., 0., 0., 0., 0., 0., 0.,
       0., 0., 0. ]
...
---
histogram_class_mudcon_15: !!opencv-matrix
   rows: 30
   cols: 1
   dt: f
   data: [ 0., 0., 0., 0., 0., 0., 0., 0., 0., 0., 0., 0., 0., 0., 0.,
       2., 0., 2., 1., 0., 4., 6., 18., 140., 561., 925., 751., 843.,
       1198., 1230. ]
...
---
histogram_class_mudcon_16: !!opencv-matrix
   rows: 30
   cols: 1
   dt: f
   data: [ 0., 0., 0., 0., 0., 0., 0., 0., 0., 0., 0., 0., 0., 0., 0.,
       0., 0., 2., 24., 156., 461., 852., 994., 1104., 1073., 1053.,
       672., 406., 337., 66. ]
...
---
histogram_class_mudcon_17: !!opencv-matrix
   rows: 30
   cols: 1
   dt: f
   data: [ 0., 0., 0., 0., 0., 0., 0., 0., 0., 0., 0., 0., 0., 0., 0.,
       0., 9., 24., 18., 89., 498., 1017., 1190., 1132., 1214., 965.,
       568., 380., 94., 2. ]
...
---
